area =

 Columns 1 through 13:

   138   121    68   177   155   283   192   134   175   208   199   189   215

 Columns 14 through 26:

   141    60   221   224   232   195   196   189   177   206   151   130   166

 Columns 27 through 39:

     1   200   189   217   152   148   222   184   190   183   190   151   197

 Columns 40 through 52:

   195   210   198     5   183   218   182     1   206   203   140   155   194

 Columns 53 through 65:

   217   186   179   187   205   403   218     1   199   208   215    17   211

 Columns 66 through 78:

   213   119   215   178   400   234   188   186   216   144   192   156   221

 Columns 79 through 91:

   190   217   233    46   178   205    23   204   188    92   183   224   200

 Columns 92 through 100:

   373   186   118   179   183   104   121    85   109

