stats =

 Columns 1 through 9:

   180.88   183.12   179.68   187.18   179.35   168.04   147.89   132.69   177.79

 Columns 10 through 18:

   179.31   181.55   174.31   155.85   127.65   175.07   183.76   120.71   151.20

 Columns 19 through 27:

   170.48   179.16   183.92   179.95   183.83   136.44   182.68   179.92   154.00

 Columns 28 through 36:

   163.86   181.89   175.22   184.86   194.03   152.03   132.69   185.02   184.96

 Columns 37 through 45:

   192.21   130.60   191.46   162.93   180.72   180.15   165.20   174.99   188.15

 Columns 46 through 54:

   144.88   143.00   188.33   181.73   183.86   134.09   166.64   183.47   123.95

 Columns 55 through 63:

   186.88   183.33   141.54   187.47   162.38   142.00   187.81   180.75   181.99

 Columns 64 through 72:

   180.06   131.06   190.08   178.61   160.95   183.90   179.01   182.44   161.46

 Columns 73 through 81:

   187.49   133.96   189.58   187.61   160.38   170.78   176.46   144.94   185.08

 Columns 82 through 90:

   186.89   190.29   121.50   124.26   139.31   182.63   180.49   187.51   168.69

 Columns 91 through 99:

   184.84   179.65   188.03   178.61   179.42   142.39   186.81   164.41   151.09

 Column 100:

   130.72

